"现在是什么情况"|[3477, 7347, 5698]
"## 项目当前情况\n\n**项目**: `pe_monitor` — 一级股权投资项目管理系统（Flask + SQLite，v8.0）\n\n**分支**: `master`，最近一次提交 `fd541c1`（恢复分红减资数据）\n\n### 工作区状态（有未提交改动）\n\n| 文件 | 状态 | 说明 |\n|---|---|---|\n| `config_data.json` | modified | 新增 `report_notes.section-listing`（IPO 上市/进展说明），section-recent 加了逗号 |\n| `pe_projects.db` | modified | 数据库有改动但体积未变（WAL 写入导致） |\n| `logs/pe_projects.log` | modified | +2857 行新日志 |\n| `archived/二级市场监控...` (submodule) | modified | 子模块内容变化 |\n\n### 项目结构\n\n- **后端**: 单文件 `app.py` (~180KB，庞大) + `config.py`\n- **前端模板**: `dashboard-v2.html`、`report.html`、`config.html`、`cashflow.html`、`import.html`、`users.html`、`login.html`\n- **数据**: SQLite `pe_projects.db` (2.2MB) + 多份备份\n- **部署**: `Dockerfile` + `docker-compose.yml` + `deploy.sh`\n\n### 最近功能演进（git log 摘要）\n\n按时间倒序关键节点：\n1. 恢复分红减资数据（14 个项目）\n2. 行业分类汇总行左对齐 + 板块说明可编辑\n3. 现金流 4 项功能（当年+倒序、汇总、API、按钮）\n4. 现金流导入 float 转换修复 + 动态列检测\n5. 现金流字段重构（realization_date/amount + 可自定义类型）\n6. 统一导入入口 + 现金流独立页\n7. 去重统计 `dedup-stats` + `project_tag` 虚拟列\n\n### 当前 diff 的具体内容\n\n`config_data.json` 的 `report_notes` 增加了一个 `section-listing` 字段（IPO 上市说明），但**整体文件没有最后换行符**（`\\ No newline at end of file`）。\n\n---\n\n请告诉我你想做什么？例如：\n- 处理这些未提交的改动（提交/丢弃/查看更多）？\n- 进入新功能开发？\n- 排查某个具体问题？"|[2955, 4, 3583, 29237, 2, 2, 2940, 3583, 3061, 4, 68, 3055, 67, 4421, 68, 4, 161, 4, 19040, 19996, 32702, 2737, 9334, 4, 15, 4, 4115, 2740, 90, 28, 18, 20, 2738, 2, 2, 2940, 4417, 3061, 4, 68, 5479, 3588, 25706, 4017, 4, 68, 7905, 12661, 71, 21, 3286, 4787, 25314, 3128, 2738, 2, 2, 3009, 4, 7722, 3374, 2737, 1505, 20025, 2738, 2, 2, 96, 4, 3117, 4, 96, 4, 3374, 4, 96, 4, 3930, 4, 96, 2, 3841, 2, 96, 4, 68, 3161, 67, 3076, 18, 3314, 68, 4, 96, 4, 7750, 4, 96, 4, 3348, 4, 68, 3613, 67, 4984, 18, 3667, 17, 7702, 3286, 5937, 4, 5785, 19, 12047, 3930, 3351, 3667, 17, 4997, 4, 12153, 2486, 787, 4, 96, 2, 96, 4, 68, 3055, 67, 5381, 18, 3322, 68, 4, 96, 4, 7750, 4, 96, 4, 5263, 1505, 3488, 538, 14900, 11341, 2737, 6025, 4, 4286, 5269, 2738, 4, 96, 2, 96, 4, 68, 5370, 19, 3055, 67, 5381, 18, 3171, 68, 4, 96, 4, 7750, 4, 96, 4, 15, 3635, 4218, 4, 2261, 1451, 4337, 4, 96, 2, 96, 4, 68, 10136, 19, 12222, 4530, 6824, 6528, 4, 12, 14381, 13, 4, 96, 4, 7750, 4, 96, 4, 10263, 3631, 4495, 4, 96, 2, 2, 3009, 4, 18537, 2, 2, 17, 4, 2940, 4355, 3061, 4, 9806, 4, 68, 3136, 18, 2963, 68, 4, 4735, 5877, 5553, 2740, 1136, 948, 13, 4, 15, 4, 68, 3161, 18, 2963, 68, 2, 17, 4, 2940, 3963, 4552, 3061, 4, 68, 5246, 17, 90, 22, 18, 3830, 4093, 3613, 18, 3830, 4093, 3161, 18, 3830, 4093, 6322, 18, 3830, 4093, 3216, 18, 3830, 4093, 6468, 18, 3830, 4093, 6181, 18, 3830, 68, 2, 17, 4, 2940, 3128, 3061, 4, 4115, 4, 68, 3055, 67, 5381, 18, 3322, 68, 4, 12, 22, 18, 22, 4496, 13, 4, 15, 4, 945, 517, 4796, 2, 17, 4, 2940, 6783, 3061, 4, 68, 8238, 68, 4, 15, 4, 68, 4990, 17, 6872, 18, 5625, 68, 4, 15, 4, 68, 9241, 18, 3331, 68, 2, 2, 3009, 4, 6803, 4334, 9373, 2737, 3438, 4, 3171, 4, 5732, 2738, 2, 2, 18653, 22459, 29267, 2742, 2, 21, 18, 4, 4787, 25314, 3128, 2737, 3254, 4, 8365, 2738, 2, 22, 18, 4, 23430, 5699, 2261, 30303, 4, 15, 4, 7370, 3930, 21751, 2, 23, 18, 4, 7076, 4, 24, 4, 2653, 4334, 2737, 1166, 1121, 15, 22459, 402, 5699, 402, 3319, 402, 6233, 2738, 2, 24, 18, 4, 7076, 4961, 4, 4176, 4, 6526, 3243, 4, 15, 4, 4933, 665, 4697, 2, 25, 18, 4, 7076, 3569, 4707, 2737, 8426, 67, 3179, 19, 5510, 4, 15, 4, 782, 6535, 4018, 2738, 2, 26, 18, 4, 4015, 4961, 4973, 4, 15, 4, 7076, 27686, 2, 27, 18, 4, 6231, 5807, 4, 68, 7227, 17, 5845, 68, 4, 15, 4, 68, 3527, 67, 4580, 68, 4, 12801, 665, 2, 2, 3009, 4, 3332, 4, 3973, 4, 30727, 2, 2, 68, 3161, 67, 3076, 18, 3314, 68, 4, 1890, 4, 68, 3613, 67, 4984, 68, 4, 5014, 12467, 4, 68, 3667, 17, 7702, 68, 4, 3569, 2737, 5937, 4, 5785, 3930, 3351, 538, 2940, 5711, 3117, 3738, 5511, 15676, 2016, 6142, 64, 4, 3041, 4, 17132, 4, 2943, 4, 3070, 4, 3355, 4, 3361, 7528, 2, 2, 3004, 2, 2, 11400, 7470, 9062, 2744, 10262, 2742, 2, 17, 4, 3710, 5146, 8520, 17454, 2737, 4017, 19, 8205, 19, 6140, 7133, 6398, 2, 17, 4, 5330, 15216, 7429, 2744, 2, 17, 4, 10344, 29468, 3258, 2744]
"现在需要再投资性质分布（战投 vs 非战投） 和 2. 投资主体分布 这个后面也加入可编辑的一段话，类似一级标题的那种"|[13413, 626, 23119, 6238, 2737, 9147, 4, 3544, 4, 12229, 2738, 4, 824, 4, 22, 18, 4, 22646, 4, 3929, 10767, 469, 6353, 21751, 1890, 11452, 2328, 2740, 7031, 10662, 6148, 1890, 2507, 1977]
"让我先看看现有的板块标题可编辑说明的实现方式，然后找到投资性质分布和投资主体分布这两个板块的位置。"|[21189, 11121, 7370, 6148, 21751, 3930, 9654, 4610, 2740, 4453, 5692, 23119, 6238, 824, 22646, 9217, 7370, 12756, 403]
"I can see the existing pattern. Now let me look at the JavaScript to understand how `section-sub` and the existing editable notes work."|[45, 4, 3629, 4, 4674, 4, 2985, 4, 3778, 4, 4151, 18, 4, 3232, 4, 3257, 4, 2968, 4, 3712, 4, 2943, 4, 2985, 4, 21708, 4, 2971, 4, 4486, 4, 4543, 4, 68, 3667, 17, 3421, 68, 4, 3010, 4, 2985, 4, 3778, 4, 11284, 4, 4984, 4, 3197, 18]
"现在我已完全理解了。现有模式是：\n\n**已实现的**：`section-title`（大标题）后面有可编辑 input，例如 `id=\"notes-section-summary\"`、`id=\"notes-section-recent\"` 等，存入 `config_data.json` 的 `report_notes` 字段，editor/admin 可编辑，viewer 只读。\n\n**需要新增的**：在 `section-sub`（子标题，如\"1. 投资性质分布\"和\"2. 投资主体分布\"）后面也加一个类似的可编辑 input。\n\n涉及两处改动：\n\n1. **`templates/report.html`**：两行 HTML\n   - 第 1178 行：`<div class=\"section-sub\">1. 投资性质分布（战投 vs 非战投）</div>` → 改为带 input 的结构\n   - 第 1183 行：`<div class=\"section-sub\">2. 投资主体分布</div>` → 同理\n\n2. **`config_data.json`**：`report_notes` 中新增两个 key（默认值可为空字符串）\n\n后端 API 不需要改动，它已经是通用的按 key 存取。\n\nCSS 也不需要改动，`.section-title input[type=\"text\"]` 的样式已经定义好了，子标题 input 可以复用同样的 class 或新增一个类似的样式。\n\n要我直接实施吗？"|[6855, 27088, 14800, 403, 3748, 27659, 2742, 2, 2, 2940, 5993, 1890, 3939, 3667, 17, 5458, 3286, 948, 6148, 2738, 10767, 1505, 21751, 4, 4199, 2740, 10262, 4, 68, 2993, 3414, 4984, 17, 3667, 17, 3750, 28709, 2993, 3414, 4984, 17, 3667, 17, 4997, 3717, 4, 2020, 2740, 16361, 4, 68, 3161, 67, 3076, 18, 3314, 68, 4, 1890, 4, 68, 3613, 67, 4984, 68, 4, 3569, 2740, 8894, 19, 4031, 4, 21751, 2740, 15011, 4, 5086, 403, 2, 2, 2940, 3215, 13977, 3058, 889, 4, 68, 3667, 17, 3421, 3286, 31625, 2740, 970, 6, 21, 18, 4, 23119, 6238, 6, 824, 6, 22, 18, 4, 22646, 7788, 10767, 469, 9457, 21428, 21751, 4, 4199, 403, 2, 2, 7497, 10513, 3488, 2742, 2, 2, 21, 18, 4, 3606, 4319, 19, 3613, 18, 3830, 8407, 22224, 4, 4683, 2, 4, 4, 4, 17, 4, 2018, 4, 24858, 4, 2261, 27678, 4523, 4, 3343, 3414, 3667, 17, 3421, 4818, 21, 18, 4, 23119, 6238, 2737, 9147, 4, 3544, 4, 12229, 16559, 4523, 4283, 4, 195, 4, 4277, 1110, 4, 4199, 4, 19107, 2, 4, 4, 4, 17, 4, 2018, 4, 3156, 5054, 4, 2261, 27678, 4523, 4, 3343, 3414, 3667, 17, 3421, 4818, 22, 18, 4, 22646, 3833, 4523, 4283, 4, 195, 4, 18942, 2, 2, 22, 18, 4, 3606, 3161, 67, 3076, 18, 3314, 19565, 3613, 67, 4984, 68, 4, 21509, 4420, 4, 3310, 2737, 6223, 782, 7205, 5652, 2738, 2, 2, 4355, 4, 3319, 4, 5134, 3488, 2740, 1002, 9565, 29395, 1342, 4, 3310, 4, 994, 769, 403, 2, 2, 7351, 4, 469, 5134, 3488, 2740, 3278, 3667, 17, 5458, 4, 4199, 63, 3433, 3414, 3263, 6865, 4, 1890, 9459, 4385, 4100, 12376, 2740, 31625, 4, 4199, 4, 27689, 12612, 4, 3343, 4, 1260, 23065, 21428, 9459, 403, 2, 2, 9625, 3511, 3892, 800, 2744]
"开始，git first"|[3944, 2740, 3438, 4, 4036]
"先拍快照，再实施。"|[601, 1317, 7020, 2740, 30266, 403]
"现在实施。两个 `section-sub` 加可编辑 input："|[3477, 3892, 403, 4420, 4, 68, 3667, 17, 3421, 68, 4, 699, 21751, 4, 4199, 2742]
"CSS 也需要对 `.section-sub input[type=\"text\"]` 加样式："|[7351, 4, 17566, 1039, 4, 3278, 3667, 17, 3421, 4, 4199, 63, 3433, 3414, 3263, 6865, 4, 699, 9459, 2742]
"`config_data.json` 加默认值："|[68, 3161, 67, 3076, 18, 3314, 68, 4, 699, 6223, 2742]
"验证改动："|[3211, 3488, 2742]
"改动正确。总结：\n\n- **`templates/report.html`**：两个 `section-sub` 各加了 `<input>`，editor/admin 可编辑，viewer 只读；CSS 加了 `.section-sub input[type=\"text\"]` 样式复用 `section-title` 的设计\n- **`config_data.json`**：`report_notes` 新增 `section-summary-nature` 和 `section-summary-subject` 两个 key（默认空值）\n- **后端无需改动**，`/api/report/notes` 已是通用 key-value 存取"|[3488, 4095, 403, 4807, 2742, 2, 2, 17, 4, 3606, 4319, 19, 3613, 18, 3830, 8407, 4420, 4, 68, 3667, 17, 3421, 68, 4, 790, 12153, 4, 4571, 4199, 18763, 8894, 19, 4031, 4, 21751, 2740, 15011, 4, 5086, 2743, 7351, 4, 12153, 4, 3278, 3667, 17, 3421, 4, 4199, 63, 3433, 3414, 3263, 6865, 4, 9459, 4129, 4, 68, 3667, 17, 5458, 68, 4, 9413, 2, 17, 4, 3606, 3161, 67, 3076, 18, 3314, 19565, 3613, 67, 4984, 68, 4, 3348, 4, 68, 3667, 17, 3750, 17, 10394, 68, 4, 824, 4, 68, 3667, 17, 3750, 17, 7368, 68, 4, 4420, 4, 3310, 2737, 3602, 22747, 2738, 2, 17, 4, 2940, 4355, 16145, 3952, 3087, 3181, 19, 3613, 19, 4984, 68, 4, 10165, 5540, 4, 3310, 17, 3795, 4, 994, 769]
"加载失败，请刷新页面重试\n\n错误: Unexpected token '<', \""|[25646, 2740, 2338, 17522, 5225, 2, 2, 3776, 30, 4, 29331, 4, 3203, 4, 16623, 3385, 4, 6]
"API 返回了 HTML 而非 JSON，说明 session 过期或路由冲突。让我排查。"|[3319, 4, 16298, 4, 4683, 4, 5311, 4, 3698, 2740, 3930, 4, 3177, 4, 7505, 1260, 4271, 5583, 403, 3360, 10344, 403]
"让我看看 report.html 的 JS 初始化部分，找到报错来源："|[8514, 4, 3613, 18, 3830, 4, 1890, 4, 3605, 4, 7224, 4291, 2740, 5692, 6843, 4729, 2742]
"这个错误 `Unexpected token '<'` 通常是 fetch 收到 HTML（如登录页重定向）而非 JSON。让我排查具体原因。"|[3929, 3776, 4, 68, 29331, 4, 3203, 4, 16623, 5404, 4, 29484, 4, 4161, 4, 6294, 4, 4683, 2737, 970, 26517, 14068, 2738, 5311, 4, 3698, 403, 3360, 10344, 4734, 4769, 403]
"找到问题了！`config_data.json` 有 JSON 语法错误，导致后端启动失败/接口返回 HTML。"|[22127, 18368, 3161, 67, 3076, 18, 3314, 68, 4, 1505, 4, 3698, 4, 24050, 2740, 5269, 4355, 22828, 19, 4612, 3570, 4, 4683, 403]
"问题找到了！第 45 行的 `\"已问询\"` 用了 ASCII 双引号，破坏了 JSON 结构。这是之前已存在的问题，不是我的改动导致的。但我的改动时 `saveReportNote` 被调用时会写入这个破损的 JSON，导致后续 API 全部失败。\n\n让我检查 app.py 中 config 的加载方式："|[21810, 2736, 2018, 4, 3903, 4, 11623, 4, 4121, 1100, 2581, 2331, 3717, 4, 7482, 4, 10389, 4, 766, 13067, 2740, 30647, 4, 3698, 4, 3766, 403, 4450, 3933, 6773, 5995, 2740, 3822, 21853, 19485, 403, 538, 21853, 1467, 4, 68, 4497, 25685, 68, 4, 10668, 18801, 4286, 3929, 1943, 1362, 1890, 4, 3698, 2740, 5269, 4825, 4, 3319, 4, 25615, 403, 2, 2, 6505, 4, 3136, 18, 2963, 4, 450, 4, 3161, 4, 1890, 4262, 4610, 2742]
"确实是 ASCII 双引号 `0x22` 在 JSON 字符串内部，破坏了 JSON 结构。这是之前已有的问题。让我修复它："|[24360, 4, 10389, 4, 766, 13067, 4, 68, 20, 92, 3397, 68, 4, 889, 4, 3698, 4, 5652, 4361, 2740, 30647, 4, 3698, 4, 3766, 403, 4450, 3933, 4231, 5995, 403, 12441, 1002, 2742]
"私有区字符： 与普通文本混排"|[11319, 724, 4688, 2742, 4, 437, 9514, 5571, 1718, 1370]
"补充平面生僻字：𪚥𫜴𠔥 三字叠加"|[6363, 1120, 2644, 1855, 592, 993, 2742, 4, 433, 993, 8282]
"极端生僻：􏿿 与 􏿾 非字符结尾"|[8846, 1855, 592, 2742, 4, 437, 4, 4, 2642, 4688, 20531]
"标签字符：󠄀󠄁 变异选择符序列"|[5626, 4688, 2742, 4, 30949, 4593, 2016, 5665]
