"现在是什么情况"|[1867, 634, 2555, 2417]
"## 项目当前情况\n\n**项目**: `pe_monitor` — 一级股权投资项目管理系统（Flask + SQLite，v8.0）\n\n**分支**: `master`，最近一次提交 `fd541c1`（恢复分红减资数据）\n\n### 工作区状态（有未提交改动）\n\n| 文件 | 状态 | 说明 |\n|---|---|---|\n| `config_data.json` | modified | 新增 `report_notes.section-listing`（IPO 上市/进展说明），section-recent 加了逗号 |\n| `pe_projects.db` | modified | 数据库有改动但体积未变（WAL 写入导致） |\n| `logs/pe_projects.log` | modified | +2857 行新日志 |\n| `archived/二级市场监控...` (submodule) | modified | 子模块内容变化 |\n\n### 项目结构\n\n- **后端**: 单文件 `app.py` (~180KB，庞大) + `config.py`\n- **前端模板**: `dashboard-v2.html`、`report.html`、`config.html`、`cashflow.html`、`import.html`、`users.html`、`login.html`\n- **数据**: SQLite `pe_projects.db` (2.2MB) + 多份备份\n- **部署**: `Dockerfile` + `docker-compose.yml` + `deploy.sh`\n\n### 最近功能演进（git log 摘要）\n\n按时间倒序关键节点：\n1. 恢复分红减资数据（14 个项目）\n2. 行业分类汇总行左对齐 + 板块说明可编辑\n3. 现金流 4 项功能（当年+倒序、汇总、API、按钮）\n4. 现金流导入 float 转换修复 + 动态列检测\n5. 现金流字段重构（realization_date/amount + 可自定义类型）\n6. 统一导入入口 + 现金流独立页\n7. 去重统计 `dedup-stats` + `project_tag` 虚拟列\n\n### 当前 diff 的具体内容\n\n`config_data.json` 的 `report_notes` 增加了一个 `section-listing` 字段（IPO 上市说明），但**整体文件没有最后换行符**（`\\ No newline at end of file`）。\n\n---\n\n请告诉我你想做什么？例如：\n- 处理这些未提交的改动（提交/丢弃/查看更多）？\n- 进入新功能开发？\n- 排查某个具体问题？"|[1152, 2, 1187, 1358, 2417, 1, 1, 1144, 1187, 1373, 2, 66, 1173, 65, 1384, 66, 2, 101, 2, 139, 849, 1639, 3947, 2198, 2424, 1114, 1886, 2, 13, 2, 2135, 1116, 88, 26, 16, 18, 1115, 1, 1, 1144, 276, 606, 1373, 2, 66, 79, 1154, 1364, 1755, 2877, 2408, 1588, 2, 66, 72, 70, 23, 1631, 69, 19, 1297, 2416, 3562, 1213, 1115, 1, 1, 1208, 2, 3212, 310, 1680, 1114, 647, 3859, 1475, 1115, 1, 1, 94, 2, 1432, 2, 94, 2, 1680, 2, 94, 2, 1803, 2, 94, 1, 2629, 2629, 2629, 94, 1, 94, 2, 66, 1325, 65, 1298, 16, 1561, 66, 2, 94, 2, 4088, 2, 94, 2, 1336, 2, 66, 1243, 65, 1444, 16, 1350, 15, 3631, 1297, 2396, 2, 2409, 17, 1013, 460, 1803, 1507, 1350, 15, 1559, 2, 302, 170, 1026, 348, 2, 94, 1, 94, 2, 66, 1173, 65, 1355, 16, 1319, 66, 2, 94, 2, 4088, 2, 94, 2, 1689, 647, 1475, 210, 213, 810, 2879, 1114, 1754, 2, 2110, 2562, 1115, 2, 94, 1, 94, 2, 66, 2783, 17, 1173, 65, 1355, 16, 1361, 66, 2, 94, 2, 4088, 2, 94, 2, 13, 1583, 1448, 2, 916, 620, 2338, 2, 94, 1, 94, 2, 66, 2054, 3440, 70, 17, 173, 849, 1517, 779, 594, 1572, 66, 2, 10, 1370, 2812, 11, 2, 94, 2, 4088, 2, 94, 2, 426, 1865, 1699, 1773, 2, 94, 1, 1, 1208, 2, 1187, 2160, 1, 1, 15, 2, 1144, 1687, 1373, 2, 315, 1432, 2, 66, 1340, 16, 1167, 66, 2, 10, 96, 1337, 18, 2614, 1116, 491, 414, 11, 2, 13, 2, 66, 1325, 16, 1167, 66, 1, 15, 2, 1144, 1538, 2080, 1373, 2, 66, 1695, 15, 88, 20, 16, 1266, 1965, 1243, 16, 1266, 1965, 1325, 16, 1266, 1965, 1354, 16, 1266, 1965, 1332, 16, 1266, 1965, 1792, 16, 1266, 1965, 1658, 16, 1266, 66, 1, 15, 2, 1144, 1213, 1373, 2, 2135, 2, 66, 1173, 65, 1355, 16, 1319, 66, 2, 10, 20, 16, 20, 2544, 11, 2, 13, 2, 411, 201, 1371, 1, 15, 2, 1144, 2764, 1373, 2, 66, 3143, 3546, 1381, 66, 2, 13, 2, 66, 1674, 3546, 15, 2163, 81, 1206, 16, 91, 79, 78, 66, 2, 13, 2, 66, 1183, 82, 1161, 91, 16, 2331, 66, 1, 1, 1208, 2, 2877, 2156, 739, 1013, 1114, 1833, 2, 1361, 2, 3220, 1115, 1, 1, 3696, 1772, 3876, 1117, 1, 19, 16, 2, 2416, 3562, 1213, 1114, 1465, 2, 1532, 1115, 1, 20, 16, 2, 2347, 2634, 1702, 916, 469, 3474, 2, 13, 2, 660, 394, 1803, 2750, 1, 21, 16, 2, 1471, 2, 22, 2, 1086, 2156, 1114, 508, 483, 13, 3193, 135, 1702, 135, 1487, 135, 2245, 1115, 1, 22, 16, 2, 1471, 1607, 2, 3910, 2, 3883, 1342, 2, 13, 2, 2748, 279, 685, 720, 1, 23, 16, 2, 1471, 1293, 3244, 1114, 1312, 65, 1328, 17, 1227, 2, 13, 2, 344, 3875, 2250, 1115, 1, 24, 16, 2, 1802, 1607, 2333, 2, 13, 2, 1471, 3039, 1084, 1, 25, 16, 2, 2291, 2004, 2, 66, 2168, 15, 3608, 66, 2, 13, 2, 66, 1210, 65, 2943, 66, 2, 913, 574, 279, 1, 1, 1208, 2, 1358, 2, 2303, 2, 3867, 1699, 1, 1, 66, 1325, 65, 1298, 16, 1561, 66, 2, 775, 2, 66, 1243, 65, 1444, 66, 2, 2752, 170, 1785, 2, 66, 1350, 15, 3631, 66, 2, 1293, 1114, 2396, 2, 2409, 1803, 1507, 210, 1144, 3221, 1432, 2119, 3496, 587, 916, 828, 2922, 62, 2, 1365, 2, 1405, 1357, 2, 1151, 2, 1756, 2, 2330, 2, 1381, 1738, 136, 1, 1, 1360, 1, 1, 962, 364, 951, 545, 217, 538, 236, 2555, 1119, 220, 423, 1117, 1, 15, 2, 2241, 3239, 3859, 775, 1475, 1114, 1588, 17, 151, 498, 17, 671, 786, 643, 411, 3897, 1, 15, 2, 1013, 248, 620, 2156, 496, 335, 1119, 1, 15, 2, 3487, 668, 154, 2290, 1439, 1119]
"现在需要再投资性质分布（战投 vs 非战投） 和 2. 投资主体分布 这个后面也加入可编辑的一段话，类似一级标题的那种"|[1867, 1443, 262, 3382, 1114, 2002, 2, 2044, 2, 2502, 1115, 2, 370, 2, 20, 16, 2, 2449, 2, 1918, 3020, 168, 2486, 2750, 775, 139, 699, 955, 1116, 3232, 139, 849, 1667, 775, 1033, 808]
"让我先看看现有的板块标题可编辑说明的实现方式，然后找到投资性质分布和投资主体分布这两个板块的位置。"|[3321, 786, 786, 2344, 775, 660, 394, 1667, 2750, 1803, 775, 1616, 2875, 1116, 2295, 2643, 3382, 370, 2449, 2892, 660, 394, 775, 1860, 136]
"I can see the existing pattern. Now let me look at the JavaScript to understand how `section-sub` and the existing editable notes work."|[43, 2, 3436, 2, 2507, 2, 1253, 2, 2094, 2, 2794, 16, 2, 1407, 2, 1924, 2, 1156, 2, 3540, 2, 1151, 2, 1253, 2, 44, 2148, 67, 53, 1707, 2, 1195, 2, 3698, 2, 1299, 89, 2, 66, 1350, 15, 1370, 66, 2, 1392, 2, 1253, 2, 2094, 2, 1947, 3435, 2, 1444, 2, 3182, 77, 16]
"现在我已完全理解了。现有模式是：\n\n**已实现的**：`section-title`（大标题）后面有可编辑 input，例如 `id=\"notes-section-summary\"`、`id=\"notes-section-recent\"` 等，存入 `config_data.json` 的 `report_notes` 字段，editor/admin 可编辑，viewer 只读。\n\n**需要新增的**：在 `section-sub`（子标题，如\"1. 投资性质分布\"和\"2. 投资主体分布\"）后面也加一个类似的可编辑 input。\n\n涉及两处改动：\n\n1. **`templates/report.html`**：两行 HTML\n   - 第 1178 行：`<div class=\"section-sub\">1. 投资性质分布（战投 vs 非战投）</div>` → 改为带 input 的结构\n   - 第 1183 行：`<div class=\"section-sub\">2. 投资主体分布</div>` → 同理\n\n2. **`config_data.json`**：`report_notes` 中新增两个 key（默认值可为空字符串）\n\n后端 API 不需要改动，它已经是通用的按 key 存取。\n\nCSS 也不需要改动，`.section-title input[type=\"text\"]` 的样式已经定义好了，子标题 input 可以复用同样的 class 或新增一个类似的样式。\n\n要我直接实施吗？"|[1867, 545, 473, 1974, 3040, 170, 136, 2344, 2880, 634, 1117, 1, 1, 1144, 1651, 775, 1873, 1350, 15, 1731, 1297, 414, 1667, 1115, 3020, 647, 2750, 2, 1530, 1116, 220, 423, 2, 66, 1649, 1307, 1444, 15, 1350, 15, 1521, 4, 1965, 1649, 1307, 1444, 15, 1350, 15, 1559, 2098, 2, 830, 1116, 428, 248, 2, 66, 1325, 65, 1298, 16, 1561, 66, 2, 775, 2, 66, 1243, 65, 1444, 66, 2, 1293, 1116, 2904, 17, 1393, 2, 2750, 1116, 2946, 1831, 2, 2237, 136, 1, 1, 1144, 1443, 1336, 775, 1334, 390, 2, 66, 1350, 15, 1370, 1297, 2242, 1116, 423, 4, 19, 16, 2, 3382, 4, 370, 4, 20, 16, 2, 2449, 3727, 3020, 168, 3823, 3232, 775, 2750, 2, 1530, 136, 1, 1, 3502, 3189, 1475, 1117, 1, 1, 19, 16, 2, 1652, 1385, 17, 1243, 16, 1266, 66, 1334, 152, 916, 2, 2269, 1, 2, 2, 2, 15, 2, 829, 2, 1295, 2099, 2, 916, 1762, 30, 1229, 2, 1456, 1307, 1350, 15, 1370, 1426, 19, 16, 2, 3382, 1114, 2002, 2, 2044, 2, 2502, 1115, 1408, 1229, 1885, 2, 104, 2, 1664, 478, 2, 1530, 2, 775, 2160, 1, 2, 2, 2, 15, 2, 829, 2, 1295, 1430, 2, 916, 1762, 30, 1229, 2, 1456, 1307, 1350, 15, 1370, 1426, 20, 16, 2, 2449, 1408, 1229, 1885, 2, 104, 2, 353, 761, 1, 1, 20, 16, 2, 1652, 1325, 65, 1298, 16, 1561, 66, 1873, 1243, 65, 1444, 66, 2, 155, 1336, 1972, 2, 1986, 1114, 3247, 232, 344, 3458, 427, 828, 157, 1115, 1, 1, 1687, 2, 1487, 2, 2740, 1475, 1116, 431, 2490, 634, 3886, 775, 582, 2, 1986, 2, 428, 336, 136, 1, 1, 2278, 2, 168, 2740, 1475, 1116, 1626, 1350, 15, 1731, 2, 1530, 61, 1378, 1307, 1787, 3655, 2, 775, 3037, 2490, 2640, 422, 170, 1116, 2242, 2, 1530, 2, 2238, 3473, 2865, 775, 2, 1456, 2, 546, 1336, 1785, 3232, 775, 3037, 136, 1, 1, 925, 545, 1821, 1941, 357, 1119]
"开始，git first"|[2114, 1116, 1833, 2, 2577]
"先拍快照，再实施。"|[244, 570, 3026, 1116, 262, 1941, 136]
"现在实施。两个 `section-sub` 加可编辑 input："|[1867, 1941, 136, 1972, 2, 66, 1350, 15, 1370, 66, 2, 302, 2750, 2, 1530, 1117]
"CSS 也需要对 `.section-sub input[type=\"text\"]` 加样式："|[2278, 2, 168, 1443, 446, 2, 1626, 1350, 15, 1370, 2, 1530, 61, 1378, 1307, 1787, 3655, 2, 302, 3037, 1117]
"`config_data.json` 加默认值："|[66, 1325, 65, 1298, 16, 1561, 66, 2, 302, 3247, 232, 1117]
"验证改动："|[1403, 1475, 1117]
"改动正确。总结：\n\n- **`templates/report.html`**：两个 `section-sub` 各加了 `<input>`，editor/admin 可编辑，viewer 只读；CSS 加了 `.section-sub input[type=\"text\"]` 样式复用 `section-title` 的设计\n- **`config_data.json`**：`report_notes` 新增 `section-summary-nature` 和 `section-summary-subject` 两个 key（默认空值）\n- **后端无需改动**，`/api/report/notes` 已是通用 key-value 存取"|[1475, 1589, 136, 2754, 1117, 1, 1, 15, 2, 1652, 1385, 17, 1243, 16, 1266, 66, 1334, 1972, 2, 66, 1350, 15, 1370, 66, 2, 351, 302, 170, 2, 1994, 1530, 32, 1755, 2904, 17, 1393, 2, 2750, 1116, 2946, 1831, 2, 2237, 1118, 2278, 2, 302, 170, 2, 1626, 1350, 15, 1370, 2, 1530, 61, 1378, 1307, 1787, 3655, 2, 3037, 3473, 2, 66, 1350, 15, 1731, 66, 2, 775, 2050, 1, 15, 2, 1652, 1325, 65, 1298, 16, 1561, 66, 1873, 1243, 65, 1444, 66, 2, 1336, 2, 66, 1350, 15, 1521, 15, 1880, 66, 2, 370, 2, 66, 1350, 15, 1521, 15, 1423, 66, 2, 1972, 2, 1986, 1114, 3247, 818, 232, 1115, 1, 15, 2, 1144, 1687, 2694, 1683, 1308, 1410, 17, 1243, 17, 1444, 66, 2, 3476, 3886, 2, 1986, 15, 1245, 2, 428, 336]
"加载失败，请刷新页面重试\n\n错误: Unexpected token '<', \""|[2863, 2047, 1116, 962, 2747, 1040, 954, 1, 1, 2501, 28, 2, 2993, 1290, 1173, 2996, 2, 2356, 2, 9, 30, 1285, 2, 4]
"API 返回了 HTML 而非 JSON，说明 session 过期或路由冲突。让我排查。"|[1487, 2, 1775, 170, 2, 2269, 2, 2887, 2, 2133, 1116, 1803, 2, 1206, 1490, 1160, 2, 1007, 650, 546, 2083, 2334, 136, 1942, 3487, 136]
"让我看看 report.html 的 JS 初始化部分，找到报错来源："|[1942, 786, 786, 2, 1243, 16, 1266, 2, 775, 2, 1736, 2, 3644, 1978, 1116, 2643, 565, 1053, 1801, 1117]
"这个错误 `Unexpected token '<'` 通常是 fetch 收到 HTML（如登录页重定向）而非 JSON。让我排查具体原因。"|[1918, 2501, 2, 66, 2993, 1290, 1173, 2996, 2, 2356, 2, 9, 30, 1954, 2, 1027, 480, 634, 2, 2217, 2, 607, 288, 2, 2269, 1114, 423, 2345, 1084, 1040, 437, 356, 1115, 2887, 2, 2133, 136, 1942, 3487, 2290, 2559, 136]
"找到问题了！`config_data.json` 有 JSON 语法错误，导致后端启动失败/接口返回 HTML。"|[2643, 1439, 170, 1113, 66, 1325, 65, 1298, 16, 1561, 66, 2, 647, 2, 2133, 2, 3238, 2501, 1116, 2562, 1687, 2240, 2047, 17, 2246, 1775, 2, 2269, 136]
"问题找到了！第 45 行的 `\"已问询\"` 用了 ASCII 双引号，破坏了 JSON 结构。这是之前已存在的问题，不是我的改动导致的。但我的改动时 `saveReportNote` 被调用时会写入这个破损的 JSON，导致后续 API 全部失败。\n\n让我检查 app.py 中 config 的加载方式："|[1439, 2643, 170, 1113, 829, 2, 1414, 2, 2651, 2, 3772, 2967, 2098, 2, 2758, 2, 3110, 2, 3375, 1116, 4076, 2, 2133, 2, 2160, 136, 2426, 1999, 3214, 2423, 1116, 1836, 3029, 1475, 2562, 775, 136, 210, 3029, 1475, 629, 2, 66, 3723, 66, 2, 921, 1943, 629, 206, 2110, 1918, 796, 586, 775, 2, 2133, 1116, 2562, 2560, 2, 1487, 2, 1496, 2047, 136, 1, 1, 1942, 2049, 2, 1340, 16, 1167, 2, 155, 2, 1325, 2, 775, 2863, 2875, 1117]
"确实是 ASCII 双引号 `0x22` 在 JSON 字符串内部，破坏了 JSON 结构。这是之前已有的问题。让我修复它："|[800, 438, 634, 2, 3110, 2, 3375, 2, 66, 18, 90, 1413, 66, 2, 390, 2, 2133, 2, 427, 828, 157, 2484, 1116, 4076, 2, 2133, 2, 2160, 136, 2426, 1999, 2113, 2423, 136, 1942, 1342, 431, 1117]
"特殊字符测试：😀🎉 emoji 与生僻字 𠀀𠁀 混排"|[427, 828, 1595, 1117, 1120, 2, 71, 1197, 76, 75, 2, 146, 764, 427, 2, 2, 729, 592]
"数学符号 ∑∈ℝ 和箭头 →←↑↓ 与制表符\t结尾"|[614, 828, 348, 2, 2, 370, 418, 2, 104, 102, 103, 105, 2, 146, 289, 919, 828, 0, 857]
"Emoji 序列：👨‍👩‍👧‍👦 家庭符号与 🇨🇳 旗帜"|[39, 1197, 76, 75, 2, 487, 279, 1117, 2, 440, 828, 348, 146, 2, 2]
"中文生僻字：龘靐齉 四字叠加，𬭊𬭛 扩展B区"|[2188, 764, 427, 1117, 2, 381, 427, 302, 1116, 2, 555, 460, 36, 310]
